36
0 :1 6 
1 :0 2 7 
2 :1 3 8 
3 :2 4 9 
4 :3 5 10 
5 :4 11 
6 :0 7 12 
7 :1 6 8 13 
8 :2 7 9 14 
9 :3 8 10 15 
10 :4 9 11 16 
11 :5 10 17 
12 :6 13 18 
13 :7 12 14 19 
14 :8 13 15 20 
15 :9 14 16 21 
16 :10 15 17 22 
17 :11 16 23 
18 :12 19 24 
19 :13 18 20 25 
20 :14 19 21 26 
21 :15 20 22 27 
22 :16 21 23 28 
23 :17 22 29 
24 :18 25 30 
25 :19 24 26 31 
26 :20 25 27 32 
27 :21 26 28 33 
28 :22 27 29 34 
29 :23 28 35 
30 :24 31 
31 :30 25 32 
32 :31 26 33 
33 :32 27 34 
34 :33 28 35 
35 :29 34